4 8 103 
8 11 27 
3 8 11 27 
8 11 
3 8 
8 11 
4 8 27 30 
8 27 
8 30 
4 7 8 30 
8 116 
4 8 30 116 
7 8 11 27 
4 8 27 103 
4 8 104 
4 8 103 
8 11 27 
3 8 11 27 
7 8 11 27 
8 103 
4 8 30 103 
4 8 11 30 
4 8 104 
4 8 103 116 
4 8 11 30 
4 8 104 116 
4 8 11 27 
8 11 27 40 
3 8 30 
8 
8 10 
8 40 
3 4 8 11 27 
4 8 13 30 
3 8 27 
8 12 
4 8 9 30 
4 8 30 104 
8 59 
8 104 
8 125 
4 8 11 27 
8 11 27 40 
4 8 103 104 
8 65 
3 4 8 27 30 
4 8 12 30 
8 27 30 
7 8 
4 8 11 27 40 
4 8 19 30 
3 4 8 13 27 
4 8 11 27 30 
3 4 7 8 
3 8 30 
3 8 27 30 
7 8 
4 8 10 30 
4 7 8 11 30 
4 8 9 116 
4 8 11 
4 8 11 
4 8 
8 30 65 
0 4 8 30 
4 8 30 40 
4 8 13 27 
4 8 11 116 
4 7 8 10 
4 8 30 43 
4 8 30 83 
4 8 13 27 
3 4 8 116 
4 8 11 103 
4 8 27 
4 8 30 
8 
4 8 
4 8 30 50 
3 4 8 103 
4 8 27 
8 13 
4 7 8 11 27 
8 17 
8 31 
3 4 8 27 103 
8 12 30 
4 8 13 27 30 
4 8 30 34 
1 4 8 30 
4 5 8 30 
4 8 16 30 
4 8 30 56 
4 8 30 84 
4 8 30 138 
4 8 30 102 
4 8 30 98 
4 8 30 49 
4 8 30 126 
4 8 30 129 
4 8 30 146 
4 8 30 120 
4 8 30 119 
4 8 30 97 
4 8 116 125 
4 7 8 11 
3 4 8 30 
8 30 116 
8 9 30 
4 7 8 27 30 
8 13 30 
3 4 7 8 27 
8 11 40 
8 39 
3 4 8 27 125 
4 8 30 47 
4 8 30 108 
4 8 30 135 
4 8 59 103 
3 4 8 27 
8 10 30 
8 14 30 
8 30 43 
8 20 
8 26 
4 8 30 88 
3 4 8 20 27 
3 8 26 30 
8 11 70 
4 8 30 61 
4 8 30 76 
8 30 125 
8 30 40 
8 30 119 
4 8 27 30 40 
3 8 30 56 
8 17 30 
8 30 31 
4 8 27 30 48 
8 11 130 
3 8 30 109 
4 8 9 11 
4 8 9 
8 30 97 
8 30 36 
8 20 30 
8 36 
8 33 
8 11 111 
3 4 8 
