57 
8 47 49 55 
2 4 18 39 41 57 
0 2 4 6 8 10 12 14 16 18 20 22 24 26 28 30 33 35 38 39 41 45 47 50 51 53 55 57 59 61 63 65 68 70 71 74 
0 2 4 6 8 10 13 14 16 18 21 22 26 28 30 33 35 39 41 44 45 47 49 51 54 55 57 59 61 63 65 67 69 71 74 
2 4 6 16 18 28 30 33 35 39 41 45 47 51 55 63 73 
0 2 4 6 8 10 12 14 16 18 20 22 24 26 28 30 33 35 38 39 41 45 47 49 51 53 55 57 59 61 63 65 67 69 71 74 
0 2 4 6 8 10 14 16 20 22 24 28 30 33 35 39 41 43 45 47 51 53 55 59 61 63 65 71 
2 4 6 10 13 14 16 18 30 33 35 37 39 41 45 47 55 57 59 61 63 65 71 
0 2 4 6 8 10 16 18 26 28 30 33 35 39 41 45 47 51 55 59 63 65 71 
0 2 4 6 8 10 12 14 16 18 20 22 24 26 28 30 33 35 38 39 41 45 47 49 51 53 55 57 59 61 63 65 68 70 71 
2 4 14 16 18 24 28 35 39 41 43 45 51 55 57 61 63 65 
0 2 4 6 10 13 14 16 18 20 22 24 26 28 30 33 35 38 39 41 45 47 51 55 57 59 63 65 68 70 71 74 
0 2 4 6 8 14 16 20 22 24 28 30 33 35 37 39 41 45 47 51 53 55 57 59 63 65 71 
0 2 4 6 8 10 12 14 16 18 20 22 24 26 28 30 33 35 38 39 41 43 45 47 49 51 53 55 57 59 61 63 65 67 71 73 
0 2 4 6 8 10 14 16 18 24 26 28 30 33 35 39 41 45 47 51 55 57 59 61 63 65 68 70 71 
2 4 14 16 18 35 39 41 45 51 55 57 61 63 65 
0 2 4 6 16 18 20 22 28 30 33 35 39 41 45 51 53 55 57 59 61 63 65 71 
0 2 4 6 8 10 12 14 16 18 20 22 24 26 28 30 33 35 39 41 45 47 49 51 55 57 59 61 63 65 67 69 71 73 
8 16 39 41 55 57 67 
0 2 4 6 8 10 13 14 16 18 20 22 24 26 30 33 35 38 39 41 45 47 51 54 55 57 59 61 63 65 68 70 71 
2 4 6 10 14 16 18 30 33 35 37 39 41 45 47 55 57 59 61 63 65 71 
4 6 16 18 30 35 39 41 63 
0 2 4 6 8 10 14 16 18 20 22 28 30 33 35 38 39 41 43 45 47 51 53 55 57 59 61 63 65 67 71 
2 4 6 16 18 35 39 41 45 47 55 61 63 65 
0 2 4 6 8 10 14 16 18 22 24 26 28 30 33 35 39 41 45 47 51 55 57 59 63 65 71 
0 2 4 6 8 14 16 18 22 28 30 33 35 39 41 45 51 55 57 59 63 65 
